2409 4127 2
6 7 7 9 8 2 8 10 3 7 5 3 4 3 3 4 3 6 1 10 4 8 3 1 3 2 8 5 5 8 9 10 4 5 10 4 8 10 3 2 6 10 4 1 2 8 4 6 6 5 8 9 4 2 1 9 3 9 3 9 8 3 10 3 9 10 6 7 9 1 8 6 10 4 7 3 1 2 9 6 8 6 7 2 9 9 10 1 9 4 9 6 6 8 9 4 9 6 2 9 6 10 5 7 3 3 10 5 4 10 3 2 7 1 5 5 1 4 5 10 7 5 7 4 4 7 9 3 3 1 1 10 10 7 9 4 1 8 10 5 7 4 8 5 4 2 9 7 7 5 6 5 1 4 8 4 1 6 8 5 8 1 6 9 7 4 4 10 3 4 6 1 9 3 5 5 6 3 1 4 9 6 8 9 1 5 5 1 2 2 7 2 2 5 10 1 8 4 10 1 9 5 3 7 9 8 1 6 2 3 9 3 10 6 1 1 2 5 3 5 9 10 6 10 4 6 2 3 1 3 5 9 7 8 7 7 5 10 2 8 2 2 10 2 7 3 2 10 7 4 5 7 5 10 7 8 7 10 1 7 3 7 7 1 4 4 10 10 3 1 8 4 3 9 7 1 1 8 1 8 4 5 4 8 6 2 6 5 4 8 1 6 6 10 8 10 3 7 9 7 10 8 10 4 7 7 4 7 6 6 6 9 2 2 7 8 5 4 2 8 3 4 5 8 3 3 9 7 1 8 3 10 5 5 5 1 3 1 8 8 6 5 9 8 6 7 7 1 10 10 8 4 5 3 3 8 7 2 6 7 9 9 9 5 3 5 6 7 5 5 4 1 9 4 10 7 10 8 7 9 7 4 4 1 8 7 10 4 8 8 3 8 6 3 2 10 7 9 6 2 5 1 4 6 5 5 2 4 2 8 5 10 3 8 2 3 6 4 8 5 1 10 2 8 4 6 9 1 6 6 4 1 6 9 8 2 5 9 6 8 8 2 7 2 9 10 4 7 3 2 1 5 3 5 4 7 10 2 9 5 7 4 7 5 4 4 6 8 4 3 5 3 4 3 5 5 2 10 1 7 1 3 3 6 7 7 2 6 10 2 3 7 7 1 1 10 7 8 9 2 1 5 5 4 7 1 10 10 10 10 8 3 3 3 8 1 1 1 7 10 4 1 6 10 1 8 1 7 6 9 9 6 5 5 1 1 5 1 2 6 2 2 8 6 4 7 7 4 7 3 3 10 5 1 1 5 10 1 4 7 1 4 2 5 10 5 7 6 5 1 1 8 2 1 4 7 7 10 2 4 4 4 5 8 6 6 4 6 8 9 2 1 4 6 5 3 2 4 8 8 4 9 5 7 9 8 5 7 7 6 2 2 9 7 9 7 4 5 4 3 3 7 3 7 4 8 9 5 3 9 2 8 9 7 6 9 6 10 5 5 5 7 6 5 5 7 1 8 1 6 10 5 5 5 3 8 4 4 5 6 2 6 3 10 4 8 8 2 9 2 6 3 10 3 7 4 9 10 3 1 5 5 6 9 9 8 9 2 3 3 9 4 10 3 3 4 2 2 5 10 6 2 2 7 4 10 1 3 9 5 5 4 1 10 4 9 10 2 2 2 4 2 8 6 4 2 9 5 4 5 6 1 6 7 7 1 7 9 3 7 4 8 2 6 9 6 5 10 9 8 4 5 10 1 10 5 4 10 10 7 4 7 9 1 4 6 1 2 6 6 8 1 5 10 7 5 7 3 5 5 10 10 1 1 2 10 6 5 1 7 4 4 3 2 6 8 9 9 9 5 6 9 7 10 10 3 6 6 5 2 2 7 1 5 7 2 6 4 9 7 10 2 10 5 5 8 2 4 6 3 10 3 3 6 2 2 9 7 9 5 1 2 1 1 6 10 5 2 3 3 8 5 4 9 9 8 8 2 3 5 4 2 7 6 10 10 7 8 9 7 4 9 9 5 9 6 4 5 7 8 7 6 2 2 5 10 2 4 4 4 9 7 8 5 5 7 5 3 6 3 10 9 3 10 3 1 5 8 8 2 6 4 9 7 8 5 9 9 9 2 4 7 10 1 3 4 9 7 7 4 1 6 3 3 5 7 6 9 7 5 2 2 8 1 10 7 7 10 5 5 3 9 1 3 1 6 6 10 4 4 3 5 9 7 9 5 6 6 6 2 10 9 3 10 1 4 6 8 4 3 2 6 1 5 8 3 10 6 2 3 9 7 9 10 3 10 6 10 7 1 1 9 2 5 10 2 9 5 9 4 7 3 9 9 7 9 4 8 6 5 10 4 3 1 5 8 2 1 7 8 3 8 8 4 4 7 6 2 2 4 5 10 8 6 1 4 4 4 1 9 10 3 4 3 5 9 10 6 1 8 5 3 5 3 7 9 9 2 2 2 7 9 2 5 4 4 10 9 9 3 9 10 7 2 2 1 2 3 8 2 1 2 5 7 4 3 7 3 4 1 4 2 9 7 8 2 2 8 2 10 10 10 10 6 3 3 8 7 8 5 8 10 6 4 8 10 6 5 4 1 5 9 3 5 6 10 6 7 9 9 9 10 8 10 7 2 4 4 8 3 10 8 2 6 3 10 7 1 6 2 1 10 10 5 6 5 7 1 4 5 1 4 5 10 3 1 1 8 7 1 1 6 8 2 3 10 3 9 10 8 10 3 9 2 7 4 8 5 6 1 10 6 6 6 5 8 8 8 8 4 8 8 2 7 1 4 6 4 3 8 3 4 10 2 7 8 7 5 3 5 7 4 2 3 1 9 2 8 6 9 4 5 6 5 1 7 8 6 10 2 5 4 6 6 5 4 4 4 8 8 8 5 3 1 7 3 9 8 2 4 7 5 8 4 9 8 10 9 6 1 10 2 5 7 8 1 1 3 6 8 2 5 4 4 6 10 8 4 10 9 10 8 6 7 1 6 7 3 4 4 3 4 5 9 2 4 2 2 8 7 2 9 2 5 4 9 7 3 2 6 2 1 3 9 10 5 4 8 7 8 1 2 3 7 2 4 3 3 8 10 10 1 1 3 7 6 1 3 9 4 10 2 7 4 10 6 9 3 3 7 2 5 10 4 3 2 10 5 4 9 7 5 9 7 7 7 4 9 10 2 3 1 3 9 5 2 6 5 7 10 1 8 6 1 2 8 2 3 5 7 1 1 2 1 9 10 9 2 9 8 6 3 9 10 3 5 2 10 9 10 9 1 7 4 1 10 3 4 2 7 3 4 9 4 6 9 3 5 3 3 4 8 7 4 7 1 8 10 10 8 9 8 9 8 3 1 7 6 5 1 4 7 4 3 2 2 3 6 6 5 1 9 2 7 5 1 8 2 2 7 2 3 7 10 10 1 10 6 8 6 6 2 4 2 6 5 3 8 1 10 3 1 10 6 9 4 8 6 8 10 5 9 2 3 8 1 3 9 8 1 5 6 2 8 7 9 3 1 6 5 10 10 7 9 8 5 3 5 3 2 4 9 10 7 1 9 7 5 7 5 5 3 2 8 1 8 8 5 8 4 9 9 5 7 7 2 1 1 9 5 2 2 5 3 1 7 3 7 2 2 3 8 4 4 6 4 3 3 8 2 8 8 10 5 4 9 8 7 1 6 3 5 10 8 7 10 4 2 8 7 3 3 5 6 6 10 2 1 4 9 2 4 9 4 10 2 4 7 8 4 5 1 8 4 10 7 5 3 8 4 10 2 6 4 7 2 5 8 4 10 9 7 5 7 10 4 10 5 3 10 9 7 2 6 2 1 4 6 3 1 9 4 4 5 9 1 8 5 10 3 7 10 9 1 8 1 7 10 5 9 9 3 5 10 1 8 10 6 3 4 9 3 10 2 9 10 4 8 5 6 10 1 5 1 3 5 1 9 4 5 9 4 10 3 3 2 10 4 9 4 7 7 9 8 9 9 8 2 7 2 7 8 4 4 8 8 10 10 7 3 7 5 6 8 10 10 1 1 3 9 7 1 6 7 9 6 5 6 7 3 9 6 3 2 1 2 1 10 2 7 4 8 4 9 7 5 10 7 7 2 5 3 2 2 1 2 7 6 7 6 8 7 3 2 10 3 4 1 4 5 7 7 4 2 5 10 8 4 6 5 7 2 9 8 4 10 10 10 7 8 7 6 5 9 8 4 1 1 4 6 5 3 2 10 6 8 9 4 1 6 10 9 9 10 9 4 1 10 4 7 7 2 3 3 1 10 9 3 2 2 9 8 6 10 7 2 8 7 7 10 4 8 1 2 7 9 6 8 8 1 6 6 4 8 9 4 9 7 9 2 10 9 9 8 8 5 1 7 3 7 9 8 4 9 10 2 9 7 9 6 9 7 1 4 4 1 8 5 9 8 6 1 6 7 8 5 3 8 4 6 6 2 3 9 2 4 10 10 2 1 7 2 7 7 6 2 10 5 8 10 2 6 10 9 2 9 5 4 6 8 1 1 1 6 1 2 9 3 3 3 5 9 4 3 8 1 6 9 5 4 8 8 1 8 8 2 6 3 7 4 10 10 6 3 5 7 6 5 1 9 7 5 9 3 7 8 5 2 6 2 7 6 9 7 5 9 10 2 1 9 5 2 8 1 6 4 9 2 10 9 2 9 5 10 1 3 10 7 6 5 8 3 10 9 1 4 7 3 6 9 1 2 2 10 4 8 3 4 9 2 4 10 10 8 1 2 2 10 9 8 7 8 2 8 6 2 4 4 4 1 2 6 2 4 5 8 3 9 1 1 3 5 2 4 4 4 8 6 6 6 3 2 5 4 1 1 7 4 4 3 4 8 8 8 1 5 7 3 3 7 5 7 3 8 1 7 1 8 2 8 5 6 1 9 9 2 1 7 7 7 9 3 4 7 10 4 1 6 8 5 4 4 2 7 1 4 3 3 1 6 1 7 1 1 5 1 4 8 7 1 4 6 3 7 4 2 2 4 9 9 10 2 4 3 10 4 6 2 8 6 9 8 2 9 1 9 9 4 6 6 4 9 3 6 7 6 9 8 1 9 8 10 3 1 3 2 6 8 6 3 6 4 1 9 3 1 9 3 4 4 10 10 4 2 5 10 9 6 9 9 4 6 1 6 8 3 8 3 2 3 6 9 8 8 10 2 8 8 5 3 4 6 4 7 10 9 9 8 6 7 9 9 5 9 5 2 3 4 5 6 8 2 5 5 9 4 9 8 3 5 10 6 10 6 3 9 4 3 9 1 1 7 9 5 5 5 9 9 10 5 4 7 6 8 4 4 3 2 1 6 6 2 1 7 7 5 8 2 7 6 2 10 4 3 4 10 7 4 8 9 8 1 5 3 1 10 8 5 3 8 10 10 2 3 7 10 9 4 2 8 1 5 7 6 9 2 5 8 6 2 6 3 4 2 8 4 2 5 1 4 5 2 4 6 4 2 7 5 7
2231 1885
1636 1540
363 1719
363 1263
1025 1178
1025 915
1025 54
143 1777
1762 546
919 935
919 165
1257 1483
1257 1826
1444 2217
643 1229
643 462
643 1829
1172 2002
276 2306
1354 598
1954 714
1728 109
92 1744
92 458
2209 613
2209 2183
2043 666
2043 1165
1684 290
1684 1021
1684 1908
1684 1148
2310 1280
236 1107
236 1359
1679 997
1679 1614
631 1849
631 991
631 927
631 1770
41 1683
41 799
337 1384
337 1113
337 2110
337 192
312 864
312 1919
2345 2321
2328 616
2328 264
2328 59
217 385
217 1143
217 645
731 1833
731 467
1706 376
1706 1599
1706 25
737 1310
737 2389
737 255
737 505
737 1220
2095 2217
2095 2135
2095 694
663 824
265 128
1186 2066
2406 1352
1927 1607
327 1398
327 1751
1343 117
1343 1741
1343 24
1343 25
1343 323
2195 1788
2195 1612
793 336
793 1840
793 969
793 681
1344 2023
1724 684
1724 1333
1724 2292
83 2079
1996 1216
1996 2165
1000 1257
1000 2200
396 704
396 319
396 111
547 1012
547 1536
1012 1398
314 1033
965 871
912 2047
912 1692
912 599
912 2326
912 888
814 2043
1035 1109
348 1385
1603 1726
1603 2272
1603 200
43 90
2362 2408
2362 481
689 1170
689 662
689 920
1553 1556
1553 2156
1553 2274
1842 723
1842 1117
437 1842
2346 415
2346 2327
2346 614
2346 1626
1254 325
1254 341
1254 1641
1987 1710
229 566
2400 396
682 1154
1458 1771
1458 2132
531 1889
531 34
1631 1445
1631 2062
576 1554
123 1132
123 428
123 1515
2169 772
2150 130
2150 481
1239 1194
1239 2206
1239 1224
1296 492
1296 1913
1296 387
2217 2223
637 314
637 529
637 85
637 2248
1491 931
1491 2357
1491 260
617 967
617 115
1162 2036
864 729
864 1961
1667 1846
1142 630
1142 1830
183 2291
183 736
376 560
376 1098
772 1428
772 585
1014 621
1014 749
1014 1600
559 394
1500 1211
1500 1198
1500 833
2299 2400
2299 1685
475 1703
475 1136
1141 83
1141 2346
1141 1293
803 552
2245 134
20 2199
20 1546
619 1763
619 2402
1163 1706
1163 864
2185 183
2185 1072
2185 328
1811 242
1811 28
366 1120
309 427
1409 1773
1409 2028
513 181
1648 1644
1489 1347
1489 2379
156 2253
156 778
156 2106
156 1334
1450 1629
1450 969
1132 838
1980 1615
1980 1935
274 407
274 1937
560 1959
1297 1012
540 276
540 816
540 1128
540 660
623 2209
623 277
654 514
2405 699
2405 1170
2405 1732
127 391
127 2349
127 1718
1863 1513
1863 296
1863 1577
1125 509
1125 791
1125 1287
1125 1029
1125 722
1103 283
1103 709
1103 904
606 1637
606 1369
606 537
699 2404
1591 606
1591 1913
1591 1707
1753 188
710 1003
2338 1277
2338 1267
2061 2242
2061 2176
252 1763
252 73
91 1736
91 2055
91 1978
1735 102
1735 42
344 411
344 778
344 889
344 1690
2001 1425
2226 309
2226 1972
2226 1181
2226 958
2226 751
2204 2230
2204 1627
1524 2226
1470 2295
1194 777
2253 2061
750 762
750 2193
1333 1890
1333 1894
1333 1451
130 1117
130 386
130 1984
879 1344
879 1185
879 501
372 15
67 851
67 1456
67 1067
454 1141
454 1131
1970 1858
1970 1336
1970 1931
1970 452
1915 1609
1915 827
169 1958
169 948
1223 453
1223 1578
1223 1322
324 1440
324 1411
1556 1767
155 1599
155 136
1439 1615
1439 852
1439 1436
57 2257
2127 654
2127 1218
2376 1404
2376 1
987 851
987 2153
987 2106
987 1605
2197 599
2197 1659
1995 1252
1995 562
1457 223
1457 1121
1457 896
1457 1580
1457 1836
36 1717
36 1105
36 422
36 1469
174 1854
707 1138
707 333
707 765
1126 2162
1126 1523
1942 1794
1942 1488
63 854
2258 1230
2258 2222
2258 1482
2258 824
61 1120
288 1676
288 723
288 790
288 1407
288 869
1658 159
1658 1867
226 1967
613 1548
1928 1870
1928 886
1928 1349
32 1104
405 1308
405 198
405 860
405 397
405 824
2122 1138
2122 1699
2122 734
2122 2330
164 755
164 538
1782 702
1362 823
1362 441
407 2287
407 2113
1243 2065
1243 115
1170 843
1170 807
2023 1125
2023 1084
2023 506
2023 1139
836 2329
836 12
834 2374
834 2240
834 900
834 2064
834 1859
834 572
175 2170
1615 489
1397 699
1397 383
1050 1094
1050 1531
1050 1992
1848 562
1848 751
1513 500
1903 1445
1903 1755
1310 1460
1398 917
380 634
466 2007
466 997
240 663
240 1223
240 1882
1616 1257
1616 763
1068 1647
1068 828
1068 360
1933 1369
1933 2111
1933 784
1933 1566
857 376
857 701
1972 924
1972 1898
1972 517
2093 2279
2093 1083
2093 1015
773 1362
773 875
773 1747
773 2157
773 1391
773 1096
773 480
773 538
350 346
350 230
774 1205
5 1933
5 778
2350 617
2350 1549
2350 128
1717 1062
1717 2031
295 1886
321 1920
254 1062
254 419
870 1068
870 1694
1085 296
1085 817
1874 1082
1874 2268
1874 2176
1874 1530
1337 89
1856 119
1856 126
1856 1741
1856 2326
377 1385
377 1732
102 1883
1916 2059
2279 141
2279 913
306 19
1156 1493
495 574
495 721
575 230
851 681
478 1025
478 2127
478 1302
478 1110
249 1825
249 1369
1657 1166
1657 115
1657 1404
1657 315
1657 610
1657 1504
1657 1769
222 1954
222 575
222 1466
1746 76
1406 2095
1406 479
1184 857
1184 1768
1184 801
1184 1830
1184 1327
1946 2386
946 731
946 2203
946 1720
702 804
702 2359
702 1137
702 1850
1548 2204
1548 405
1033 883
1033 1617
1671 165
1671 1674
877 1440
877 1986
2229 1547
2229 1262
2229 835
221 67
1888 1833
1888 1279
1062 1987
1062 2011
126 307
126 1299
126 95
2374 1117
2105 2287
2105 1932
2105 1326
1817 1199
1817 96
630 450
2262 897
2262 1299
1831 1746
1831 1424
1831 2171
1831 1932
170 1635
170 2358
109 2147
1308 348
1308 1403
1308 539
861 1533
861 1049
1277 1790
100 1893
100 725
656 168
60 1362
60 2269
60 1822
60 2280
854 261
854 1273
1719 718
1719 2139
1592 295
787 522
196 1159
196 1544
196 402
611 1174
611 1659
611 1608
2149 1266
903 60
903 1472
903 2094
1948 1920
1948 1300
2316 2052
1040 2257
1040 111
1040 1779
898 1787
898 289
2282 1302
2282 1628
2282 1665
2282 1380
359 2346
359 1847
359 2337
2031 1500
2031 1753
2031 375
1105 1375
1105 95
2368 1133
2368 2331
2368 1238
423 1939
1298 2003
1298 516
2079 1444
690 1126
690 762
690 607
690 1115
690 1936
1005 1228
1005 1215
1005 2304
1005 1654
924 2199
1443 995
1443 68
1443 1678
1443 1581
1443 1941
2223 2315
2223 744
950 541
950 1645
1291 2128
442 2023
442 985
442 1121
2273 2389
2273 2308
1527 1920
1527 712
1527 433
108 41
108 902
108 1303
108 999
928 2047
928 612
957 2036
957 1504
768 1424
768 929
1424 1665
1424 1799
2145 1860
1884 957
1884 427
1155 1429
718 716
718 534
718 1034
718 87
603 1800
603 2132
1570 2283
75 936
75 2336
1835 2029
1835 1077
1835 1646
1835 1293
1189 2044
1189 997
378 2316
378 636
482 1751
701 1328
704 554
1208 501
655 729
655 1857
2404 749
1301 1669
2058 1648
2058 718
2058 657
2058 2098
391 236
64 804
64 1899
1763 1129
622 1685
716 844
716 96
1181 329
332 1237
332 787
479 382
2238 1997
2238 2292
2238 1019
647 1194
647 656
647 1778
541 420
541 1925
541 1396
1425 1534
1425 1180
652 2047
652 604
635 1954
635 1866
1895 1636
1895 590
1895 1110
1767 623
1767 1508
403 1917
403 1309
308 2321
308 457
1261 2402
1261 386
1261 1612
853 1685
422 1333
422 554
741 2065
741 1367
741 1202
899 1335
899 1775
899 1664
899 2028
899 2041
899 1019
2322 67
2252 2052
2252 850
1386 1617
1533 274
1478 62
1478 1423
1478 1463
1478 2326
1478 50
1917 1283
1917 186
895 182
895 2120
1749 1195
1749 894
1749 2275
1749 2329
1749 53
2287 950
1265 921
1265 242
1265 1106
7 859
7 866
756 1010
2215 674
634 226
634 1191
775 130
775 295
775 1471
1234 1469
526 2264
526 1899
1151 702
1151 2285
2205 1707
2205 84
2260 66
729 790
729 1515
729 31
1905 843
1905 1889
1905 1565
1564 1874
413 1950
1689 2130
213 2399
213 2366
213 368
687 1490
687 2295
687 2129
687 202
2042 289
2042 1352
2042 938
268 744
268 237
2196 2319
2196 410
2029 388
1502 75
1502 435
875 901
319 1663
633 945
2246 750
2246 427
406 1348
579 1523
579 1206
2126 259
2126 1147
1225 112
717 1316
2135 1706
2135 1500
2135 702
1847 619
1847 2226
1847 2246
259 1500
259 1609
1073 297
125 372
125 533
18 717
18 264
1765 255
1353 1415
1353 1634
2291 1269
2291 1597
1890 2298
1094 488
1094 2090
195 1344
542 2167
542 430
542 393
371 1176
371 818
627 255
627 863
816 372
816 1522
607 910
1879 597
1486 216
1486 110
1529 1068
161 201
2160 1689
2160 434
1606 1311
1606 738
711 1553
711 2099
711 1720
1900 409
1900 2178
2200 2098
1427 807
720 2126
720 856
763 2203
763 444
973 253
1520 2074
1520 1881
1795 1909
243 1588
243 1510
1789 755
1789 1896
1789 1573
1320 454
1320 422
1320 1938
1320 848
1521 652
284 842
2156 613
2156 2047
2156 1026
2156 2336
2065 758
2065 1405
2065 1777
2065 1788
2065 2395
394 265
394 666
394 1985
394 1387
1046 684
1046 380
1046 2257
1046 615
534 531
534 141
534 364
534 516
2389 2215
2389 1534
1798 2279
1798 1017
1798 2119
1798 2034
1798 847
1904 1262
1637 1842
1637 1516
1637 1394
909 1802
909 434
180 2256
2263 166
2263 1123
2263 1675
1773 1125
1773 664
1773 1329
1773 1805
1157 307
1157 1877
1157 1111
1551 1249
1551 1955
1551 629
1200 2256
755 663
370 904
758 1755
758 715
346 729
346 579
346 1785
346 201
346 1160
843 1496
843 1539
843 986
2193 1113
2193 1709
1557 412
1557 1563
1557 436
1115 928
1115 2340
1115 539
1115 1740
1115 50
735 1796
735 2125
735 1287
735 1770
420 2396
2076 2061
2076 1299
1950 525
400 763
400 1978
2380 1809
297 229
297 656
297 1943
297 94
297 1428
297 679
1997 1450
1997 899
2004 77
2004 2167
2004 1638
644 196
644 322
644 732
644 81
662 1946
662 2151
662 1010
1460 1763
1460 1512
1460 171
1460 1784
1460 856
885 535
1045 1664
1045 2000
1045 185
2015 1517
2015 1681
551 75
551 25
551 323
187 593
187 1262
1791 2264
1791 38
15 1294
1872 493
1872 1799
1872 1330
188 195
188 1941
322 1606
322 955
322 89
235 33
235 2099
235 508
2010 2233
2010 1653
2010 253
1975 834
1975 1330
841 2222
1324 1500
1324 1662
1786 1186
1786 1403
2212 826
148 2119
148 1569
780 1665
780 1573
1587 381
2378 1623
1036 2305
1036 1164
1036 1390
385 75
2203 1009
1027 531
1027 405
1910 1843
1920 790
1920 936
1920 970
1920 1169
1535 351
1535 1051
453 1801
996 2049
1152 96
1152 596
636 2051
1013 447
1013 154
2313 61
2313 2300
2313 600
411 377
411 214
2278 1925
2278 905
1893 1540
1893 766
2048 2406
2048 1088
2082 2191
456 2408
1737 1287
1737 822
1171 716
1171 949
1171 583
1121 851
1714 1819
764 1035
764 322
764 1704
764 2171
764 842
764 599
764 2020
198 396
198 1191
942 928
942 1823
1402 1499
1402 2391
1402 1051
581 1783
581 539
1656 1459
1461 1377
1461 1679
316 1464
1595 1884
1595 82
641 1665
37 1711
1153 715
1153 884
2315 92
2315 1885
2315 132
40 2087
40 1561
1756 2383
1756 1436
558 2323
1138 371
1138 1701
1138 477
287 851
287 500
958 308
958 1271
958 867
1144 1541
1144 1179
1965 2298
2399 666
2399 995
2399 496
2399 1617
1392 1674
626 51
1481 942
1481 2213
1481 472
2341 714
2341 242
714 345
714 1174
1373 309
1373 976
1373 1906
1373 1049
1383 1928
1383 307
1383 2109
246 589
1166 195
2067 2001
2067 2057
2067 444
392 951
392 1683
392 1725
2073 753
2073 460
568 1784
2210 1916
2210 742
272 293
272 208
790 1849
790 1977
790 1712
1037 1332
2249 1409
2249 325
2249 1961
2249 1697
2146 1900
1179 556
1070 469
1070 1421
1070 546
1722 1293
388 2195
388 1622
388 1675
203 1074
990 1747
990 357
712 292
712 2230
1260 595
1260 1702
1260 4
1260 1978
1054 820
1054 639
1054 2140
1800 273
1800 2098
1800 489
1534 998
1173 265
896 1801
896 1294
896 1287
896 822
584 731
584 2153
584 1776
567 1506
1292 1314
1292 760
1081 667
1081 2153
1081 815
1081 1232
2083 176
1593 1231
1726 1280
506 265
506 1094
1973 2137
1973 1638
1964 308
1964 299
1964 1919
307 2039
307 263
307 1651
307 481
823 1819
823 1135
408 1253
408 679
408 887
42 1208
42 1067
42 2259
42 649
42 2019
2294 1547
935 1024
935 1607
2257 1984
2257 1712
2108 649
1542 36
1979 1324
1979 1143
2363 1570
2363 669
409 1154
1116 142
1116 1071
951 2328
951 885
951 1164
419 510
419 1832
2192 2310
2192 359
1305 1254
1305 1355
1853 2146
1853 401
1853 355
1853 1712
1384 164
1384 1028
177 335
177 343
994 143
994 1107
994 2060
994 1565
1074 1234
2143 576
2143 1589
2002 312
2002 1335
2002 308
2002 1898
2002 725
30 1159
30 145
1902 1234
1902 2343
1902 412
1902 571
1902 1834
826 1240
826 1902
826 1405
826 2325
826 1710
2388 524
2388 2151
2388 181
283 502
964 341
374 1520
374 2234
2269 1227
2269 668
2091 921
724 543
724 1484
1866 169
179 1343
1768 2133
1580 75
1580 1080
1580 1372
745 943
1937 1441
1937 421
1937 2032
1937 1484
329 382
445 2185
445 604
1700 2400
1700 1861
1700 1881
1700 1422
166 406
166 514
2189 1244
1736 2159
1338 1336
1338 1093
1338 3
1338 512
2381 2206
1188 843
1188 1595
1188 916
1188 494
1188 1358
1188 760
667 7
667 1751
667 230
1683 2204
510 2355
510 746
1370 816
1249 542
1360 1657
1379 465
1379 1205
1379 1514
2134 1081
2134 796
1066 2101
1066 139
1158 948
1158 360
2157 32
2157 828
2112 500
2112 1515
369 825
369 2034
255 2146
255 460
1635 1335
1635 249
1586 1006
1586 1936
135 119
1490 394
1517 1098
270 85
2306 482
2306 2219
1041 1980
1041 146
351 2028
1302 424
1302 2146
375 1883
2070 826
2070 849
2070 640
744 1918
744 1341
1474 2310
1474 1177
1017 1508
620 1644
620 1880
77 644
77 1901
77 1177
1868 1928
695 2069
695 1384
695 2290
695 1042
33 2192
33 1499
2104 1041
2104 2163
2104 2385
2104 1757
1405 2248
1244 1847
1290 2183
1290 310
800 2112
800 1437
2113 366
2113 2278
2113 1971
2113 776
2113 565
2113 1537
2113 1051
1331 1743
69 1915
69 1251
1681 1061
1827 1933
1827 2290
1862 792
1862 145
1862 966
1862 1148
1118 1258
427 1765
1499 1508
1285 715
1285 1634
1816 193
1816 982
1816 1936
1272 277
1272 1008
1730 2019
1730 489
162 107
624 2252
624 2378
1227 1301
1227 2059
1227 591
2047 1174
859 2021
1003 2001
1003 1017
1003 1204
2359 841
549 2341
549 916
487 1301
1178 746
26 1972
26 625
26 628
1703 322
1703 523
1703 1981
2084 125
2084 1465
995 1575
839 1134
593 1081
593 778
593 2211
1124 1061
1124 625
1510 1081
1510 1052
124 639
124 1675
124 1415
124 2075
2408 618
2408 1365
2247 947
2247 2171
2247 227
2247 210
2247 305
906 446
1393 862
1214 616
1214 2057
1783 1213
1783 670
1783 1414
675 740
140 474
333 40
1803 618
1803 24
1803 2175
1803 1446
955 1230
490 1360
490 1300
1999 1373
1999 817
326 1857
326 1249
975 1878
975 2006
145 1594
809 1703
282 731
2166 761
2166 829
56 377
56 1858
56 367
56 2379
56 1797
651 293
651 1663
765 1882
765 54
116 2001
116 1615
913 1480
913 1364
1876 79
1876 298
719 1494
719 2301
719 2373
2116 908
2116 519
2116 565
798 2161
1183 1591
2182 389
2074 1080
2074 1865
2074 1547
503 1842
503 1162
503 690
1912 658
1912 1480
1030 172
1030 615
1030 705
211 1046
211 1217
2016 463
670 1781
2290 1323
2290 2272
2290 1698
2044 1636
2036 2287
2036 977
2036 1901
2036 1209
1190 895
1692 1377
1692 2080
1692 1028
2320 675
2320 2096
1494 537
1494 1275
1494 600
1993 1094
1993 1379
2148 835
536 1049
1699 344
1699 744
238 344
238 50
2059 506
597 1050
597 1501
597 313
597 2086
941 2318
1137 1104
131 676
131 2324
819 1221
819 600
1960 162
464 731
464 1931
464 212
464 364
464 2006
16 603
892 1013
389 431
261 223
261 2316
261 1494
2188 1407
962 264
962 1668
492 1842
492 1240
492 120
2208 461
2208 1119
925 1066
925 38
925 1233
908 1681
908 624
908 2382
908 2051
71 666
71 1634
1585 1361
1585 946
1585 147
1567 1754
1708 1604
1982 1308
1982 2199
1913 193
1913 2114
1913 390
1043 1207
1043 873
244 249
244 1435
505 229
178 740
2292 2185
2292 52
2292 1216
1079 478
523 1052
2312 623
801 1974
2009 1475
2009 1134
665 581
1471 1937
1471 404
65 2262
65 2315
65 2090
502 2209
502 1855
502 815
1896 634
1896 1601
1109 1192
1382 920
1382 2124
1363 950
1363 1789
1562 2006
1562 1998
1441 804
1441 524
1441 2386
982 37
982 1376
778 1800
952 1722
952 47
952 659
952 219
952 739
524 1430
524 1981
2161 939
2161 1804
1309 1861
1448 1527
133 863
133 1626
168 1265
168 1707
168 600
168 767
1572 1058
1572 1326
1438 1231
1375 1396
820 1735
820 1181
820 2241
820 352
820 1415
820 1844
2222 2031
2222 1111
2222 1119
2222 1559
73 832
73 2007
459 970
1430 243
1430 1179
1430 299
2402 1397
734 288
734 1621
1180 1564
1180 831
1180 1882
2072 378
2264 309
2264 2287
2264 583
673 1418
2039 1295
2039 2007
2039 228
949 1113
949 1851
2394 673
2394 210
530 2149
530 556
530 651
530 1668
530 1289
1512 1974
915 965
915 2368
915 788
1055 1400
1314 363
486 1126
486 293
469 1728
469 1518
591 2174
591 1394
591 1640
591 1140
1026 556
383 1260
383 1479
2186 1245
2186 2113
2371 2369
2371 825
706 11
447 1597
447 596
1016 537
1072 623
1072 1868
1369 2126
509 1494
509 889
421 675
421 1882
443 1133
493 2294
207 941
207 2118
207 362
425 506
415 2264
808 717
808 1073
808 1786
58 879
58 712
58 2349
58 1618
58 2106
58 2234
2261 667
2261 738
2153 396
2153 607
2153 303
2153 1319
2153 190
1496 734
1496 301
1496 341
2267 919
2267 1193
1775 1126
2013 2010
2013 325
1503 1667
1503 1536
1503 1088
1688 208
642 1324
642 975
642 2164
642 354
1498 779
1498 1901
1498 2117
1408 2108
1408 1862
1191 923
428 1895
2114 1856
2114 1855
2114 1064
1067 1735
1067 550
1067 1107
2289 175
2289 138
2289 1311
1197 712
1197 1009
2240 370
2240 2219
1646 963
1646 2038
1604 2256
1604 2318
342 818
1745 2002
902 2044
902 477
2348 571
2052 763
2052 933
2052 650
779 961
779 970
150 835
150 1358
953 752
953 1716
498 964
500 2231
500 1888
500 499
500 2325
500 1238
1540 2278
1113 2320
1113 969
564 1363
564 1011
564 2139
858 492
858 550
1929 2169
106 1945
2393 564
1147 2027
1507 479
1507 1742
1666 1571
1935 1740
1182 1098
1182 2265
79 529
79 1461
79 468
1778 1127
1701 1253
1785 1740
1911 1928
1911 1584
1911 390
807 2335
1628 68
1628 1612
2305 813
609 1159
609 221
609 448
2080 1297
2080 538
960 163
983 713
983 1694
1528 558
1528 1011
1528 2025
1528 2034
66 141
1855 456
1855 2182
1855 1256
1011 244
2131 1227
2131 88
2131 1815
832 1297
832 2271
832 1653
1921 635
840 906
840 2354
840 1877
1661 2228
1661 330
1057 850
1057 2006
1400 1832
1304 2184
519 1787
1938 1501
2174 664
2174 319
2174 1340
1545 216
537 132
661 2151
2259 1800
2259 761
1961 2379
197 1848
197 2401
1366 566
543 1288
639 385
1851 468
993 1509
993 323
1971 2245
1971 1806
1971 138
1858 1325
730 812
17 1574
1963 1171
1963 669
548 1000
754 2053
465 1834
1828 2399
1828 2300
1750 1358
418 1034
310 119
1704 644
1704 1590
1357 165
1357 1652
1955 1363
2199 413
2199 1693
1792 2087
1792 26
1792 2188
1080 287
1080 801
1080 1678
1602 1946
1602 1207
138 1834
219 857
694 929
794 190
38 1342
625 2091
625 375
1686 1752
172 1745
2340 2227
2340 1650
2230 2404
2230 2094
1250 2208
1250 2052
1250 632
1250 1462
1801 495
830 941
830 469
830 401
830 2092
830 1769
1413 773
1413 1630
1571 1161
1571 1329
1332 63
290 1164
545 495
545 552
545 1270
900 2259
900 1165
855 1004
2392 344
1432 86
2243 1480
715 2362
118 2333
2387 342
2387 807
1751 2023
1751 1443
1751 264
1751 517
1751 2100
1751 1891
1852 525
1852 2292
2356 2368
2356 2012
2356 638
743 1945
677 1668
677 838
1990 466
1990 2241
1990 862
1990 693
1065 1347
1065 480
1952 150
2300 347
2300 829
1083 2298
1083 1641
2297 190
1632 899
692 304
692 2187
1117 359
1117 1940
1117 1962
1117 1114
1391 1087
1201 1478
1201 1699
1201 136
1787 413
1440 1118
1440 294
783 1933
783 434
1091 632
1091 1038
1647 32
1647 957
1647 1730
1647 962
1647 1625
862 588
2271 2406
2271 2228
2271 19
27 2356
2354 837
1473 1825
1204 1041
1732 1882
947 18
1135 268
1519 257
2129 542
2129 708
2349 2159
1221 1194
1221 723
1221 1557
1221 427
2235 547
2235 2393
384 2156
384 181
1252 510
1252 536
1252 2266
1252 1356
850 533
1532 1995
1532 257
1532 2283
1195 2281
1195 1783
2366 1077
2366 505
2366 983
2366 1599
52 587
511 1803
511 190
1925 1789
1925 2101
848 528
2099 918
1024 804
1024 1357
1421 1173
296 1819
296 116
296 84
1850 979
989 714
989 2146
989 1953
450 2388
450 2383
1419 940
1419 2342
1985 1234
1985 660
115 1072
115 1889
894 2156
894 1490
894 486
894 2373
1229 1469
1276 2141
1347 215
1329 184
122 2263
122 522
122 796
514 1943
574 741
574 2246
574 2094
68 1847
2198 2097
2198 320
1898 2369
1898 1543
281 811
1618 1337
1618 1659
1618 739
293 429
1870 2087
1870 1562
1951 1290
1771 1535
1771 1632
1771 1707
1771 2119
605 941
1865 525
1865 667
1303 399
1303 341
1733 976
1492 2149
1492 896
1820 1380
2106 1546
866 1284
886 1257
886 1549
886 1366
878 315
878 1226
1889 2079
1889 1375
1889 1654
849 958
849 1290
1207 400
1207 902
1207 1269
588 2209
269 1790
2085 1450
2085 1683
2085 343
2085 1404
1547 975
1547 1202
1056 134
1228 1992
1228 446
1477 2112
1477 1727
1477 1328
152 1662
2011 2059
2011 1375
2011 552
1215 231
1899 2217
1899 1215
488 2238
488 1080
137 767
1849 1838
1849 1742
2171 2004
2171 484
2171 1882
2302 309
2302 1910
2302 1128
2302 1146
532 1979
1558 108
562 2247
562 563
562 1790
1058 155
1777 826
1774 170
1774 165
1774 1582
1064 58
1064 610
263 1507
263 19
263 2181
1475 2154
1584 1806
1584 364
1584 4
977 1724
977 813
1531 510
1523 1181
1523 2110
1523 1098
1761 2392
1697 196
1697 1178
1697 1923
2164 527
2164 25
1788 1676
1788 46
1788 2314
1788 1319
759 1574
759 1976
759 1374
1127 735
1127 417
1127 732
2275 2310
2275 1214
2275 1034
2275 1381
569 297
569 165
1619 1472
1619 571
1619 45
936 1144
936 171
101 2281
1843 574
1560 67
1560 1503
499 2341
2301 1973
2301 1574
2301 1319
1599 285
1599 1284
1286 1951
1286 2041
386 267
640 3
921 949
2077 1570
1199 584
1199 1021
860 1970
860 1518
583 2081
583 1827
583 493
206 1841
206 2096
206 1845
395 1879
395 2152
395 1654
395 2390
2055 2347
2055 2322
2055 2068
2055 269
2055 1619
328 73
49 134
49 132
565 521
1288 337
1288 1701
412 2265
412 151
412 1600
1840 1940
1840 1219
1840 1881
1840 1437
905 794
905 258
507 1797
129 760
22 1534
22 1136
22 463
367 251
2214 2372
2214 1224
1482 1379
566 1410
1814 27
227 2380
227 1590
59 248
59 218
1472 937
1472 1092
713 195
713 2315
713 278
713 932
1812 2170
1812 493
2078 1995
2078 2133
2335 1583
11 377
11 2369
1664 443
1664 2114
1664 989
1283 877
1283 1601
891 10
891 2278
13 2222
13 2140
1403 410
2003 395
2003 883
757 1344
757 700
757 1905
2159 764
2159 1389
2159 848
2159 1809
522 128
522 688
810 1724
810 495
810 264
810 338
2355 129
1071 1831
1071 38
1071 1154
1071 1539
1629 1842
1629 2079
1629 515
262 30
1052 1363
1052 1428
846 2070
846 245
1241 626
2225 1289
1273 559
1273 971
128 1178
128 2035
128 2187
128 1187
128 1836
1154 1781
1154 563
1881 2376
1881 1839
1216 377
1216 1587
1216 2379
1931 1308
1931 1549
1931 1638
1969 767
266 1953
266 2373
1609 1331
1609 1321
1668 1521
528 2112
528 2162
1986 1441
1986 289
1164 1491
1423 20
1423 874
220 2021
220 306
220 2
2233 1529
2233 192
1622 119
1622 2181
1887 33
1018 1179
1748 1964
1748 1228
788 1360
788 186
788 202
788 444
1480 17
1480 1899
1480 1015
48 1785
48 970
117 2321
117 2093
117 47
2017 1672
883 1098
103 1676
189 1518
189 220
189 1008
2323 659
2045 247
2045 2165
2045 481
680 1240
680 2020
680 2027
680 572
842 790
842 1986
1808 486
2251 817
1612 1942
120 838
120 1620
497 2400
497 786
51 7
51 1236
51 9
1640 1171
1909 1172
1909 404
2139 2067
2139 2014
2139 360
2139 300
2147 1527
2147 916
991 917
991 1479
2202 533
1883 1176
1883 1973
1883 665
1883 2099
748 631
748 1877
214 1090
1665 2266
1665 379
1665 1488
517 1270
1467 2160
2132 2074
2132 2072
812 562
812 2251
1311 169
1311 890
1076 2197
1076 770
1076 444
1727 1320
1877 559
1877 2
1877 668
1691 1782
1691 802
1321 2344
1321 260
345 2068
345 1953
2358 1260
121 1787
121 2391
121 341
121 433
191 1460
1334 1366
1334 866
1334 988
1334 452
1957 2005
1957 2024
976 1421
976 2274
761 1809
1930 639
786 2380
786 1624
1004 1081
1004 211
1901 1634
1720 643
1720 472
638 977
638 160
1042 57
1042 2191
1351 966
727 768
2369 2195
2369 950
2369 2215
2369 2249
2028 247
2028 1402
2028 2044
1578 130
1578 717
1578 659
1578 1017
1578 1047
660 284
1130 1403
1130 230
72 1891
72 691
2280 1671
2280 2121
1830 968
1830 1551
1830 166
1830 1309
1830 1741
1830 2109
1707 320
160 941
160 261
160 1531
160 257
1248 1460
1248 1015
343 1838
343 1316
279 1535
279 1381
612 1409
612 2178
612 1367
612 1010
1685 2313
1685 1279
797 2241
797 1147
212 222
212 1152
212 1428
212 1010
97 672
2107 1122
2107 780
2107 727
852 1115
852 1587
2007 1073
78 213
78 1052
78 1794
2064 2217
2064 438
2064 218
1434 516
1434 1129
815 2350
815 612
815 303
815 2401
210 407
210 2275
1399 1733
1399 382
416 2073
1185 1279
1185 1674
1185 45
382 841
382 1262
1006 1516
1006 624
1006 1403
1006 2332
2115 1316
874 1723
874 443
736 1239
736 10
736 993
736 362
910 1631
910 2390
910 2136
154 417
1943 1444
1943 1385
468 1192
2317 1825
1810 1138
1810 1135
1810 299
1407 1444
1407 1412
1407 1661
1407 68
1407 921
1563 2378
1563 304
1945 982
1945 401
2337 363
2337 2099
1607 1532
1607 480
1607 1754
1349 273
2018 716
2018 1478
2018 792
2336 1637
2336 807
2336 2323
439 2147
358 2241
358 74
1262 2168
273 662
273 1102
365 1217
165 1335
176 57
176 1222
2100 2039
1112 1221
1112 1539
1112 831
2319 2337
1253 566
1253 153
1934 626
1934 1309
1934 2187
2184 1448
2184 1605
2184 1924
339 709
1660 1999
1660 345
305 630
1251 885
1251 246
1251 1515
1108 513
1108 1046
1108 1171
1108 1608
1108 1611
1108 521
239 158
1914 7
1914 1774
338 2123
338 1037
338 1581
364 2380
364 2207
1837 2213
1936 1747
449 179
1780 1487
1780 2239
999 1181
709 2218
709 8
709 1049
948 736
948 2187
632 1771
632 1266
2137 1214
94 1194
516 879
516 1063
516 2340
516 1678
1625 897
969 1516
2008 853
2008 1737
2008 412
2008 1808
2008 691
933 1390
2030 420
1796 2116
1796 595
1796 159
868 1558
920 1772
1242 2089
1242 2324
1242 984
257 2203
257 975
2344 977
2344 429
2344 1007
1322 1667
1322 2333
1322 2212
2250 1808
2250 338
2250 1694
806 534
806 1292
884 1162
884 52
884 601
182 1546
1271 1152
869 2017
992 1451
791 1584
205 1780
205 1097
1574 1360
1574 591
1574 1530
669 2205
669 896
669 1074
669 1331
669 313
2006 711
2006 909
2006 1889
2006 515
2006 1802
2006 1641
1269 687
1269 855
1269 2077
2272 737
2272 1226
1741 616
1741 1331
1741 1420
2121 1155
426 351
426 1067
426 691
426 1836
1561 1658
1561 1043
1561 1441
2397 1787
2397 2403
2397 504
1356 118
1356 881
2138 2343
2138 668
438 2345
671 1374
671 1167
457 145
248 1879
589 181
1428 1809
373 2113
373 1774
1886 1623
1886 550
882 529
882 2068
882 1670
480 566
480 628
480 1568
1627 217
1627 2272
1627 2020
1627 2066
1627 1175
2285 1580
2285 2243
1315 1735
1315 435
1824 1522
2224 1606
2242 374
2242 1295
1300 92
1300 616
1300 871
1300 848
1300 796
1300 1509
876 850
2005 2321
2005 1782
2005 1310
2005 1692
2005 2171
2005 1563
304 1578
929 51
929 2018
397 254
397 862
2255 2111
1495 5
1495 1432
1495 649
76 763
1328 1708
1387 787
1919 1980
1956 659
1956 1721
1294 1556
1211 2076
1211 400
571 925
571 2183
1539 711
1539 1214
1539 910
2220 1679
2220 1357
599 217
599 1541
599 1874
599 1117
599 1886
2219 2338
2219 137
2219 1059
1143 1123
1143 1547
1143 2018
1150 394
1150 117
1150 1211
451 651
451 827
740 1863
740 107
357 559
1316 1645
1235 437
1235 1101
1233 22
1102 1272
1522 254
1522 2200
1522 1534
1522 345
1381 1150
1111 502
1111 1653
192 703
825 1876
2144 2215
2144 456
2144 191
2144 1815
782 466
782 1686
828 943
828 2077
863 1200
298 274
298 1096
298 2164
298 2214
298 998
944 1298
585 1406
585 553
585 195
585 2397
585 379
280 2311
473 1539
473 1740
473 1608
978 646
978 2026
2025 1375
1577 642
2213 2363
2213 1694
2213 1376
1754 844
1754 146
2327 338
2327 1484
1757 1243
1757 2108
1644 348
1644 1159
387 975
387 650
1268 2111
1268 315
1268 1981
867 1495
766 1957
766 1574
997 905
2172 1494
1590 1361
1590 2289
1590 1519
1590 685
1590 1114
2124 1376
2124 144
602 663
602 2215
602 807
602 248
602 1316
1594 702
1594 2112
1594 65
1594 2138
1594 1206
2152 987
2152 2082
1404 701
1404 1853
1404 2344
1404 881
361 2279
361 322
361 494
361 1415
683 1778
683 2311
1932 406
1932 2364
1449 376
1449 451
2119 405
2119 354
208 1300
831 329
831 492
831 1518
2173 1503
1060 871
538 1885
538 1908
595 1289
685 2185
685 1130
685 182
698 1422
698 2092
278 816
278 939
2035 1446
234 908
918 2221
795 860
1794 644
2379 2180
2379 354
2379 181
204 707
204 1279
204 1264
738 1324
173 1917
173 933
1962 1715
728 2278
728 53
552 507
134 292
1463 495
1463 109
1463 1155
1463 671
2398 1819
2398 957
2398 982
1984 2350
1984 1783
315 1724
315 261
1483 166
1721 1066
1721 258
771 1584
771 934
771 1101
771 1330
986 882
110 930
1702 1425
2357 1173
1476 2124
1476 988
163 649
1918 83
1918 526
1918 2045
746 2007
2155 1217
2155 1506
1326 2154
1839 1409
1839 987
1839 1955
2329 1004
2329 2184
1284 994
1284 967
1284 140
1284 471
1284 1705
147 1394
147 688
2101 88
2140 973
2140 368
1339 1445
1339 331
2020 1306
2027 1218
911 610
515 1045
515 77
515 894
515 1547
515 1590
171 363
171 1782
171 75
171 1072
171 2013
171 786
171 829
1860 2042
1860 427
1860 333
1226 576
1226 1687
1226 2354
1226 144
1869 603
1869 1081
1869 2164
1869 1049
1869 1376
927 228
1411 447
1906 1214
1906 1600
2403 840
2221 5
1217 22
1217 2165
2256 1481
2256 536
2256 668
1174 218
1497 2138
1497 981
157 1538
157 347
1601 1571
1601 511
2086 1887
477 2251
477 2373
679 49
1287 942
1287 1334
1623 1719
1623 550
1623 1821
956 2311
2103 2010
2103 1960
2103 425
2103 936
2365 2252
2365 1761
2365 2220
2365 280
1198 1885
1198 779
2165 993
2165 1001
2165 1769
1039 1257
1508 2150
1508 889
1278 2092
441 1688
550 1751
550 87
550 190
672 127
1307 61
1307 154
1307 1437
1307 1106
401 2065
401 2199
1487 1817
1487 1975
1487 927
784 366
784 2127
784 1880
1289 2079
1289 1283
1675 662
1203 704
1203 1749
1203 1388
890 1925
890 1203
890 1131
890 1148
318 126
546 1714
2268 1868
2268 2267
355 296
1674 1553
1976 820
1976 2261
258 1132
258 1179
258 73
258 2285
258 1875
114 2225
114 1891
368 1240
1793 1916
1793 1176
1793 874
1098 300
1140 1305
2330 465
2330 1477
2330 2336
379 1001
2370 2170
2370 1318
2370 1345
535 327
535 155
535 364
96 2373
2326 1415
2326 1078
1485 226
1136 660
1136 1294
1089 1260
1089 267
1120 2203
159 166
159 1778
159 2382
159 1053
159 2054
887 101
82 398
82 1032
751 1475
751 1550
1371 576
1371 525
1371 329
1371 1540
1371 1526
1371 601
1713 1115
1713 2010
2218 1347
2218 1482
2218 1341
1554 1841
1114 1898
1114 387
582 1884
582 1074
932 467
932 1021
1232 1553
1232 227
1977 1009
1543 826
1543 1708
1543 434
471 1785
471 1283
471 1258
471 1639
4 1910
1725 458
1690 369
84 1888
84 1367
2236 456
2236 2301
1266 845
1694 65
1694 891
1694 358
1694 39
474 1172
474 2387
998 2042
998 1494
2396 1951
2396 1899
2176 511
1134 1899
726 1271
726 9
1988 506
1988 2247
1988 1744
2141 425
2141 2377
2239 1598
2361 1305
2361 16
2361 1523
1947 2157
2151 406
2151 648
2151 767
1417 1048
1923 453
1923 736
1923 578
231 2162
1422 1878
1422 564
1422 582
2265 724
1639 2283
1639 2049
1784 511
587 954
587 1682
1645 710
1624 687
1624 1625
1624 234
1624 1815
1270 567
598 1740
2187 1284
629 1795
1388 1260
1388 2270
1764 1666
1764 2392
1764 922
1515 1386
769 908
769 535
601 374
601 1788
1659 613
1659 1598
555 671
835 625
1469 979
2288 827
1734 387
1416 1098
29 1234
29 605
988 612
136 1386
136 1507
139 2133
1031 2059
1031 1544
970 1470
970 75
970 2022
2206 801
2206 1430
2206 522
2206 1992
732 2014
732 1487
2311 145
2311 2155
1009 778
1009 53
752 1235
752 1226
752 555
752 1537
1538 335
1538 638
954 1908
2094 403
2094 2017
739 438
739 984
484 1531
818 1931
267 419
267 1375
267 1930
1484 599
1146 1252
1146 2100
1146 339
1651 1461
1651 1347
1680 299
3 870
3 191
3 1107
347 411
347 791
347 2330
90 695
90 2161
242 1301
242 199
242 659
242 2097
1576 1295
1576 1974
1576 451
461 1781
1437 2004
1437 1643
2177 610
2097 1207
2097 386
2097 436
1453 700
1453 869
1597 584
1597 1169
1776 2260
1776 1402
1776 1218
1776 938
1776 2383
232 1544
628 1788
87 758
934 13
934 1633
1511 912
1511 2081
1511 316
1511 1289
1511 1543
1511 1673
1466 2379
796 710
317 704
317 352
317 435
1638 2192
922 1412
2339 807
2339 1727
1442 644
245 1030
245 330
46 1132
46 144
1220 1636
1210 566
1451 1288
1246 1698
563 654
1002 486
1002 251
2332 77
2332 415
2332 1276
2332 1462
12 142
12 1956
8 1773
8 1985
8 1231
1509 1842
1608 2393
1608 2335
340 1380
28 1842
28 1584
28 90
1891 1473
1020 1440
1818 490
1818 925
1818 1496
604 2262
604 1587
604 1247
904 2271
81 1296
2342 659
2168 540
2168 2210
2168 907
2133 850
2133 1349
2133 1364
554 2328
554 1429
2276 2001
2276 713
1293 1931
1293 1281
1823 1784
1823 1854
1420 300
1202 2246
1202 2320
1202 858
1202 129
2391 1452
2391 2189
2391 523
1941 270
1941 892
1021 656
1021 813
151 1587
2158 814
1374 851
1374 850
1655 1317
1119 1521
1119 1408
829 727
829 1537
829 153
1875 2201
1875 2227
1875 129
1312 1246
1312 733
1506 353
1506 1752
1364 2127
1364 783
1364 1096
431 1230
1047 157
1047 1790
1566 1328
1566 555
1566 458
2232 1744
2232 1644
2232 1415
1053 1522
1053 2173
1053 2136
1299 217
1299 687
1299 534
1299 1656
1299 2235
2062 108
2062 116
2062 842
2062 1941
2062 1342
53 2192
1716 69
1716 103
1355 1338
1355 848
1653 1144
596 445
596 680
1414 2166
448 1666
1845 1851
1845 146
1160 1076
1160 1727
838 665
907 1587
1829 1108
1829 1372
693 1432
693 480
353 1280
1991 446
1358 320
1712 879
1712 1426
917 1628
888 1995
888 1402
577 1353
1652 836
1652 973
2334 2382
2237 644
2237 2002
2237 1641
55 352
55 514
2304 1207
1049 222
1465 2377
1187 2150
1187 698
1187 1605
767 1423
1209 724
1209 441
1209 489
1345 1153
1709 1841
1709 2393
1758 1208
1758 1872
1758 1487
1809 1333
1809 1642
1630 2135
1630 311
398 1816
398 1295
398 1742
1772 1559
2377 672
2128 444
1341 374
1341 165
1341 90
1462 1696
1462 1681
1462 1984
1634 687
1992 2282
1992 830
303 2380
303 1169
1802 843
1802 2072
1802 781
1967 861
1967 443
2118 313
1078 68
1078 785
1078 1864
1600 268
1600 1891
1600 1673
691 2182
691 503
691 1274
1589 1780
1589 595
1752 264
1752 1461
1752 1971
1752 1880
1611 1720
572 403
572 1768
926 790
926 1321
926 516
926 2041
277 1907
2034 1679
2034 310
2034 2118
1821 627
1821 1199
520 1826
80 1325
1008 1570
1008 2009
1008 1988
1008 600
847 271
760 130
873 2094
2194 268
2194 2289
1871 226
286 2197
286 11
481 1089
1029 427
1029 1128
1029 1754
1978 2195
1978 2269
1908 174
1908 395
1908 2211
1222 1205
113 152
813 64
813 259
813 1094
813 506
813 1477
813 1006
813 971
813 1514
2175 753
2228 348
561 605
1059 409
1059 2408
1059 333
1059 554
1649 772
1649 2029
446 199
446 661
1348 1915
1348 422
1348 10
1348 734
1815 2353
1804 1095
1739 1068
1739 5
1739 888
1654 1068
1654 976
1654 2177
1654 1395
1826 1467
1826 927
1826 1008
302 1101
149 156
149 1398
149 1118
149 66
149 1558
557 1809
301 89
301 880
527 2316
615 1285
6 1344
6 958
6 1643
6 2340
6 1654
360 1364
721 1583
1598 1795
1598 1773
1598 2157
1598 1560
50 1152
50 1366
681 2084
681 658
1882 2370
1342 1850
491 1397
491 758
491 1662
592 2266
592 1468
592 1018
592 1601
2314 240
2314 1931
2314 2119
354 817
2098 1142
1797 307
1797 1410
1880 1781
1880 736
1880 1600
2367 957
2367 2083
2367 2147
2367 1069
2284 1636
2284 295
2274 1593
1596 946
1596 197
1596 1321
1596 304
1770 344
1770 5
1770 539
1770 1224
1192 277
1192 1994
200 2189
404 662
404 1403
1966 1239
1966 47
1966 98
25 878
25 1278
25 50
1231 765
1231 1341
2049 1647
1340 325
1340 1435
923 1550
646 1817
646 1065
686 1489
686 2204
686 1815
2056 1662
2056 2154
1401 1676
31 663
429 264
1805 945
1805 1118
893 2160
893 823
311 45
1582 1995
1582 1234
1582 1847
1582 1099
1582 428
1582 1629
2191 1941
2191 1650
146 825
1206 499
827 1258
452 1297
452 2295
1813 774
1813 1838
2234 1170
2234 1898
2234 1930
2120 2221
95 1581
95 404
185 235
185 410
185 932
938 2146
2060 352
2060 1271
1579 907
1579 2024
1177 409
1177 1732
1177 273
470 1431
470 1065
1396 21
194 915
2092 763
1953 1839
1705 916
1705 1565
722 377
722 485
722 1982
678 631
678 1853
678 2211
678 1446
341 262
341 2102
608 1603
817 1183
817 1620
742 1554
1007 1141
1007 349
54 620
489 1243
489 524
489 440
489 2033
1731 1534
1731 831
1731 1002
2066 1534
1319 1615
1319 2130
432 1828
432 683
1614 969
1614 1107
1614 1092
1614 311
1614 1844
99 400
99 863
99 1623
1038 169
1038 243
1038 2249
1038 1752
393 1059
393 181
1069 616
1069 2076
1069 261
1069 2232
93 2228
93 1663
435 1431
435 1113
435 2183
435 1691
1446 1918
1446 1776
1832 1368
1832 2072
1832 256
1087 1895
1087 2332
1148 1264
1148 2213
2308 285
2308 757
2308 1108
2308 304
1620 2098
2352 1473
2352 1956
705 104
190 687
1022 1126
202 579
202 1379
1110 1524
1110 305
251 549
483 244
1844 1145
1488 78
2351 254
2351 365
2351 2050
1168 2057
1317 1225
1642 177
1642 602
19 1456
19 1228
872 368
1175 2249
1867 2263
1867 2032
1867 253
181 1204
181 1185
181 2190
1504 1807
1504 399
1504 1518
2254 1791
2254 2259
2254 1740
901 747
1479 1879
1479 657
688 235
1281 5
2318 1534
2318 1988
1559 166
1559 1563
1715 2385
294 309
294 1773
294 1324
294 535
1605 1782
1605 2176
458 1320
458 1881
458 2398
1263 1656
1263 207
1263 470
362 1500
362 2405
362 718
362 1314
362 1075
362 434
984 1756
984 2356
74 609
320 1099
320 1066
320 2290
1790 1520
1790 2289
2309 2367
89 91
845 1335
845 1604
824 2006
508 808
508 2040
440 580
440 752
440 693
1626 395
1626 872
70 1116
70 1367
1742 2221
980 1033
980 1803
980 1794
237 492
237 425
1769 1756
1769 962
1769 1688
215 684
215 296
1169 1937
1169 1178
696 1595
696 709
300 214
2075 344
2075 98
1280 934
1280 1924
1023 2201
1023 1049
1372 1724
1372 2150
1372 1607
472 1090
1395 996
1395 1219
1395 1349
1097 309
1097 364
781 1703
781 1472
1641 1159
1650 1030
1650 1273
1650 1209
1650 1129
1565 797
1565 552
323 865
1196 1470
1196 1490
1196 1438
1196 1655
1779 1075
356 633
356 648
837 1855
1682 1169
1682 2075
2383 1357
2383 2271
1693 1933
1693 1934
1693 1826
1846 927
1846 139
1846 818
2364 2257
1426 1661
1015 108
1436 1515
2179 899
2179 1663
275 2259
521 295
521 1737
521 1704
521 1840
521 897
1129 1155
1129 694
2395 311
2293 1581
2293 1053
668 2093
880 1599
880 2265
291 406
291 715
1086 329
1086 839
1086 1814
1086 2184
1086 1555
1086 1672
881 2294
881 1191
881 1318
881 1867
2181 2292
2181 811
2181 1639
253 834
253 1490
253 390
253 2386
725 1125
725 1368
1981 1776
45 1551
45 624
45 1109
1939 2172
1939 1617
1968 885
785 2112
785 69
785 672
802 386
802 1248
802 884
218 1583
2057 1136
2057 657
2054 2188
2050 1599
2050 2344
2050 705
1106 902
1106 1851
1106 48
1106 852
105 2081
2154 399
2154 1781
2154 1323
1418 758
1418 1442
1418 2128
1418 1341
1663 276
1663 1667
1663 1324
1834 1375
1834 1566
98 1928
2024 2074
1673 1905
1673 2320
1673 137
1673 1941
1100 517
1330 823
1864 1123
1864 577
1376 1085
1998 721
1256 503
1994 1438
1267 195
1267 667
2033 1149
2033 1844
2109 1857
2109 1721
1854 1437
1926 2309
822 115
822 1164
770 1963
770 1247
2373 1210
2117 1884
2117 1028
1167 1928
1167 910
1525 816
444 295
444 656
444 1079
444 1662
1032 170
1032 1797
1346 644
1346 2188
34 256
184 1766
184 1935
184 934
144 136
144 25
2296 941
2296 1840
2296 1590
2296 2168
2296 521
1365 2407
2190 2167
2136 613
1743 1842
1743 240
2037 1233
